# Personal Information: MRS CLAIRE V BYRON MR CHRISTOPHER J BYRON,89 FLIXTON ROAD URMSTON MANCHESTER M41 5AN,10185383,16-33-22,8233.65,6174.17,26 OCT 2024 to 26 NOV 2024,Royal Bank of Scotland,5920.99,7980.47
Date,Description,Amount,Direction,Balance,Category
26-10-2024,BROUGHT FORWARD,,8233.65,,
28-10-2024,Direct Debit OCTOPUS ENERGY,448.75,withdrawn,7784.9,Essential Household
28-10-2024,Direct Debit AVIVA LIFE,23.85,withdrawn,7761.05,Unknown
28-10-2024,Direct Debit VODAFONE LTDDEVICE,33.0,withdrawn,7728.05,Essential Household
29-10-2024,OnLine Transaction From A/C 10212003 BYRON CJ Via Mobile Xfer,2500.0,paid in,10228.05,Bank Transfer
29-10-2024,OnLine Transaction ZOE BYRON 28 10 VIA MOBILE - PYMT FP 29/10/24 10 26165837362714000R,65.0,withdrawn,10163.05,Bank Transfer
29-10-2024,OnLine Transaction SAM PT CHRIS VIA MOBILE - PYMT FP 29/10/24 1025073659748389000R,415.0,withdrawn,9748.05,Bank Transfer
30-10-2024,OnLine Transaction From A/C 10010974 BYRON C Via Mobile Xfer,135.0,paid in,9883.05,Bank Transfer
30-10-2024,OnLine Transaction From A/C 10212003 BYRON CJ Via Mobile Xfer,240.0,paid in,10123.05,Bank Transfer
30-10-2024,Direct Debit BT GROUP PLC,37.49,withdrawn,10085.56,Essential Household
30-10-2024,Direct Debit VODAFONE LTD,42.97,withdrawn,10042.59,Essential Household
30-10-2024,Direct Debit VIRGIN MEDIA PYMTS,67.45,withdrawn,9975.14,Essential Household
01-11-2024,Automated Credit MCCLOY KEELY RENT FP 01/11/24 0340 FP24305045226979,750.0,paid in,10725.14,Essential Home - Rent/Mortgage
01-11-2024,Standing Order DAD,75.0,withdrawn,10650.14,Bank Transfer
01-11-2024,Standing Order ISABELLE,200.0,withdrawn,10450.14,Bank Transfer
01-11-2024,Standing Order SOPHIA,200.0,withdrawn,10250.14,Bank Transfer
01-11-2024,Direct Debit ANIMAL HEALTH CARE,18.0,withdrawn,10232.14,Unknown
01-11-2024,Direct Debit TRAFFORD MBC,435.0,withdrawn,9797.14,Essential Household
01-11-2024,Direct Debit HALIFAX,2649.85,withdrawn,7147.29,Bank Transfer
01-11-2024,Direct Debit TV LICENCE MBP,15.0,withdrawn,7132.29,Essential Household
01-11-2024,Direct Debit METRO BANK,256.67,withdrawn,6875.62,Bank Transfer
01-11-2024,Direct Debit UNITED UTILITIES W,83.16,withdrawn,6792.46,Essential Household
01-11-2024,Direct Debit NATWEST BANK,540.79,withdrawn,6251.67,Bank Transfer
01-11-2024,Direct Debit BG SERVICES,24.82,withdrawn,6226.85,Essential Household
04-11-2024,OnLine Transaction To A/C 10212003 BYRON CJ Via Mobile Xfer,500.0,paid in,5726.85,Bank Transfer
05-11-2024,Direct Debit LG INSURANCE MI,37.56,withdrawn,5689.29,Unknown
06-11-2024,OnLine Transaction To A/C 10010974 BYRON C Via Mobile Xfer,100.0,paid in,5589.29,Bank Transfer
06-11-2024,OnLine Transaction HANDYMAN SERVICES CLAIRE VIA MOBILE - PYMT FP 06/11/24 10 60095706493039000R,90.0,withdrawn,5499.29,Unknown
07-11-2024,Direct Debit ANIMAL FRIENDS INS,61.44,withdrawn,5437.85,Unknown
08-11-2024,OnLine Transaction RYAN PEARCE 89 FLIXTON VIA MOBILE - PYMT FP 08/11/24 10 54102403226717000R,40.0,withdrawn,5397.85,Bank Transfer
11-11-2024,OnLine Transaction ISABELLE BYRON MUM VIA MOBILE - PYMT,20.0,withdrawn,5377.85,Bank Transfer
12-11-2024,OnLine Transaction ZOE BYRON 12/11 VIA MOBILE - PYMT FP 12/11/24 10 18074525463718000R,20.0,withdrawn,5357.85,Bank Transfer
12-11-2024,Direct Debit SKY MOBILE,33.0,withdrawn,5324.85,Non-Essential Household
15-11-2024,Automated Credit LA CAKERIE LIMITED COUNCIL TAX FP 15/11/24 0153 L2PPWHI00000216397,145.99,paid in,5470.84,Essential Household
15-11-2024,Automated Credit LA CAKERIE LIMITED RENT 89A FLIXTON R FP 15/11/24 0153 L2PPWHI00000216753,500.0,paid in,5970.84,Essential Home - Rent/Mortgage
15-11-2024,Direct Debit HOMEPROTECT,65.1,withdrawn,5905.74,Unknown
18-11-2024,Automated Credit JULIA BYRON MUM FP 18/11/24 0516 241118051606636271,150.0,paid in,6055.74,Bank Transfer
18-11-2024,OnLine Transaction From A/C 10010974 BYRON C Via Mobile Xfer,1500.0,paid in,7555.74,Bank Transfer
18-11-2024,OnLine Transaction To A/C 10010974 BYRON C Via Mobile Xfer,300.0,withdrawn,7255.74,Bank Transfer
18-11-2024,OnLine Transaction RG DJ & PJ FRITH Logs VIA MOBILE - PYMT FP 16/11/24 10 38145408236771000R,95.0,withdrawn,7160.74,Unknown
18-11-2024,Direct Debit CLOSE-SWINTON INITIAL PAYMENT,32.01,withdrawn,7128.73,Unknown
19-11-2024,OnLine Transaction MICHELLE SQUIRES CLAIRE VIA MOBILE - PYMT FP 18/11/24 1057204700644647000R,61.0,withdrawn,7067.73,Bank Transfer
19-11-2024,OnLine Transaction MICHELLE SQUIRES CLAIRE VIA MOBILE - PYMT FP 19/11/24 10 48150231638120000R,14.42,withdrawn,7053.31,Bank Transfer
20-11-2024,OnLine Transaction To A/C 10212003 BYRON CJ Via Mobile Xfer,600.0,withdrawn,6453.31,Bank Transfer
20-11-2024,Direct Debit PC/SIMPLY BUSINESS,28.14,withdrawn,6425.17,Unknown
21-11-2024,OnLine Transaction PAUL HOOK 89 Flixton Road VIA MOBILE - PYMT FP 21/11/24 1054082219518071000R,18.0,withdrawn,6407.17,Bank Transfer
22-11-2024,OnLine Transaction To A/C 10010974 BYRON C Via Mobile Xfer,55.0,withdrawn,6352.17,Bank Transfer
25-11-2024,OnLine Transaction To A/C 10212003 BYRON CJ Via Mobile Xfer,50.0,withdrawn,6302.17,Bank Transfer
25-11-2024,OnLine Transaction To A/C 10010974 BYRON C Via Mobile Xfer,110.0,withdrawn,6192.17,Bank Transfer
22-11-2024,OnLine Transaction EGG MAN CLAIRE VIA MOBILE - PYMT FP 22/11/24 10 38201908333365000R,18.0,withdrawn,6174.17,Bank Transfer
,MRS CLAIRE V BYRON,,Unknown,,
,MR CHRISTOPHER J BYRON,,Unknown,,
